Webots Project File version 8.3.1
perspectives: 000000ff00000000fd0000000200000001000002ab000002e2fc0200000001fb0000001400540065007800740045006400690074006f00720100000015000002e20000009d00ffffff000000030000077a000000d8fc0100000001fb0000000e0043006f006e0073006f006c006501000000000000077a0000005400ffffff000004c9000002e200000001000000020000000100000008fc00000000
simulationViewPerspectives: 000000ff000000010000000200000100000001860100000006010000000100
sceneTreePerspectives: 000000ff0000000100000002000000c00000007b0100000006010000000200
minimizedPerspectives: 
maximizedDockId: -1
centralWidgetVisible: 1
orthographicViewHeight: 1
textFiles: 0 "controllers/PushBallsToWall/PushBallsToWall.java"
renderingDevicePerspectives: 254;1;0.961538;0.0269989;0.0289589
