Webots Project File version 8.3.1
perspectives: 000000ff00000000fd0000000200000001000002ab000002f2fc0200000001fb0000001400540065007800740045006400690074006f00720100000015000002f20000009d00ffffff0000000300000780000000d8fc0100000001fb0000000e0043006f006e0073006f006c00650100000000000007800000005400ffffff000004cf000002f200000001000000020000000100000008fc00000000
simulationViewPerspectives: 000000ff000000010000000200000100000001860100000006010000000100
sceneTreePerspectives: 000000ff0000000100000002000000c00000007b0100000006010000000200
minimizedPerspectives: 
maximizedDockId: -1
centralWidgetVisible: 1
orthographicViewHeight: 1
textFiles: 0 "controllers/PushBallsToWall/PushBallsToWall.java"
renderingDevicePerspectives: 254;1;0.961538;0.0268318;0.0282951
