Webots Project File version 8.3.1
perspectives: 000000ff00000000fd00000003000000000000012e000003f2fc0200000001fb00000012005300630065006e006500540072006500650100000015000003f200000000000000000000000100000130000002f2fc0200000001fb0000001400540065007800740045006400690074006f00720100000015000002f20000009d00ffffff0000000300000780000000d8fc0100000001fb0000000e0043006f006e0073006f006c00650100000000000007800000005400ffffff0000064a000002f200000001000000020000000100000008fc00000000
simulationViewPerspectives: 000000ff0000000100000002000000c1000002af0100000006010000000101
sceneTreePerspectives: 000000ff0000000100000002000000c00000007b0100000006010000000201
minimizedPerspectives: 
maximizedDockId: -1
centralWidgetVisible: 1
orthographicViewHeight: 1
textFiles: 0 "controllers/BangBangController/BangBangController.java"
renderingDevicePerspectives: 252;1;1;0.0191354;0.0293696
