Webots Project File version 8.3.1
perspectives: 000000ff00000000fd00000002000000010000025d0000030afc0200000001fb0000001400540065007800740045006400690074006f007201000000150000030a0000009d00ffffff0000000300000781000000d8fc0100000001fb0000000e0043006f006e0073006f006c00650100000000000007810000005400ffffff0000051e0000030a00000001000000020000000100000008fc00000000
simulationViewPerspectives: 000000ff000000010000000200000100000005440100000006010000000101
sceneTreePerspectives: 000000ff0000000100000002000000c00000007b0100000006010000000201
minimizedPerspectives: 000000ff00000000fd0000000300000000000000b0000003c0fc0200000001fb00000012005300630065006e006500540072006500650100000015000003c0000000000000000000000001000001ce00000343fc0200000001fb0000001400540065007800740045006400690074006f0072010000001a00000343000000b100ffffff00000003000006910000006ffc0100000001fb0000000e0043006f006e0073006f006c00650100000000000006910000005700ffffff000004bd0000034300000004000000040000000100000008fc00000000
maximizedDockId: -1
centralWidgetVisible: 1
orthographicViewHeight: 1
textFiles: 2 "controllers/BangBangController/BangBangControllerA.java" "controllers/BangBangController/BangBangControllerB.java" "controllers/BangBangController/BangBangController.java"
renderingDevicePerspectives: 253;1;1;0.0257634;0.0297784
